214.32541466866056
158.55850697854962
148.87231091881168
141.0597469174885
134.40628665651067
129.27795692015894
121.49428196064046
114.31863719121169
106.07447360055359
95.83366121406482
87.15654708153966
77.60489813179296
70.27241699100693
64.67150244353127
57.921042940372196
53.51851356513726
50.28415048698853
46.59915567136134
44.353955222744084
40.45861715689388
40.66435500685436
38.431537877199034
34.58577638253483
39.23178277578299
30.853470567116656
28.867230371995404
30.071932675529496
28.69608686140935
26.975585380421386
26.166848493498577
25.280343786199044
23.872668769880697
24.321788716823498
25.559551827451017
22.68341656303037
18.567850569461253
20.8337609984658
20.249609973029425
18.904753677619034
18.86460469170281
21.40623815562324
21.656201670202112
17.181797403431492
15.512168780055683
17.510264694575415
15.655708100394538
14.79938437721946
15.687826017346557
16.473419881189816
15.071616750160084
13.586782556437893
14.351519901932324
15.505171369076697
12.844673607750604
12.985294662084524
13.21789764758466
12.866087703686388
12.39854637981614
13.404563556556775
11.301760249257779
10.383916848863347
11.282781564059524
11.034300381717644
10.888491590433471
11.21835639859537
11.79543753196008
10.715586161475118
9.211006592505214
9.512443043507737
9.397284408141381
9.924150839073285
9.406082610327685
9.103937152045377
9.324541622711566
9.616014016204922
8.263208129650389
8.70335195673273
11.794552519196928
8.241990124233917
7.322154543616555
6.330069586202301
6.681840359588195
8.229007648545492
9.812865055045492
6.866181825069671
6.6282568847187715
7.519957206235403
9.004495412284216
8.568387437143455
7.171923731235748
7.432929931572374
6.635850990994525
6.535077200175715
6.802877855485367
7.453677402474202
7.814814011870777
6.773364429547662
5.827605136358531
6.042542257899242
6.618117841115542
