186.98933920131662
159.34329909097755
155.27693027961186
150.89710577221396
147.0404504300086
142.829740159055
138.39426234704612
134.44051001749833
130.81557747197104
127.2468351847429
123.1995739780035
119.6924656143041
115.15788601445506
110.1861170947667
104.31283893622097
99.2477131627745
94.63592065925525
88.69200582522718
82.36478863463411
79.61827492852275
74.6996516148403
70.62455276917213
66.31760033140792
62.55146127881579
59.697454321545834
56.952926172739765
54.90564076259473
55.676372751276546
51.568160490556195
47.51007170096126
39.93585965066168
35.91902902739652
34.11919448823025
32.761343319595895
31.597926632348067
30.554244583764437
29.67894081543677
28.771420160621922
27.954694511812015
27.19342595603987
26.509567905440782
25.795661772242827
25.14371494536704
24.508131594445764
24.066974842802008
23.34408908379147
22.76811816291145
22.285280990416123
21.788312191658832
21.298926644906317
20.792686855308784
20.34473199217186
19.884907418109
19.491734196646302
19.170920734479303
18.71785501446899
18.268457486504975
17.906753187714507
17.49903605754417
17.271749299084426
16.449753580517648
16.236875693618213
16.138264363692855
16.05547401476183
15.988692349114778
15.918747729443488
15.854833453951306
15.789724040077548
15.735700177961899
15.674928987971589
15.618557231799777
15.563760006681402
15.510404219710388
15.451582696958944
15.400322639734648
15.348301572541434
15.29115126395825
15.247230711481327
15.192367767226996
15.138520516094895
15.089975850494502
15.041745029980717
14.98620746951961
14.938694264487555
14.888564215868538
14.842850286218138
14.790023887641656
14.743998519226015
14.69315098978334
14.637698300341343
