418.0290757848861
335.8825971651354
317.36946250576113
302.6818041035931
285.9987241055103
265.6820150998852
256.5261035675698
250.15468855660473
241.274706015965
237.68594994904686
231.17966406580558
221.84255777798032
213.43729204366008
208.94015355359193
206.12301758225698
195.5560458421246
187.77192918198253
187.2951530146645
174.98445848062838
165.58839295496102
156.51063809127365
159.9987876936361
140.5425113995255
137.50642814119735
126.27620010818688
119.95559994902325
115.36592311600883
115.00813939815794
120.88316885322851
104.76647099212705
84.64561332540309
78.18981948350799
74.56359956988514
72.03782732020956
69.7705225769279
67.64768927332511
65.79564260929189
63.98188035769435
62.09778479865718
60.53680839022078
59.05355069807927
57.42295204324925
55.86108161586857
54.54079038815526
53.01144861483251
51.64943395500257
50.396862125950115
49.177013282849664
47.93091353041983
46.77565803749188
45.67217411801248
44.422639444672164
43.27887822857678
42.313285506670894
41.325505561016975
40.26111158964943
39.39074868252015
38.642927955612684
37.695242322851655
36.796449462034715
34.554307410057554
33.97251750791096
33.793767054721975
33.47657467087648
33.19541335705401
33.04458380575567
32.89063642933475
32.671098882501774
32.61529910310786
32.37406872319529
32.140560766253294
32.1293083205675
31.956588509004398
31.818894653763024
31.724659737120284
31.63771093283677
31.37880755116446
31.309751233925443
31.215306092046447
31.15257073186583
30.94434328282133
30.896119326180138
30.704730507944724
30.617094862622494
30.505366017325013
30.39958166199911
30.235674092571326
30.170975284834665
30.10762048643839
29.982498065645967
29.659334621761477
29.663467595378943
29.648318930797465
29.614896043818046
29.692962609591753
29.632002585169424
29.63899911257008
