277.00765183262484
193.91671028358562
183.35141861139
177.49158771448487
170.02362730516916
163.68719096525032
156.43838748894993
149.67805739943248
142.23728639613728
137.34993124838263
132.09595443386175
126.52390520992316
121.71053216812459
115.7093156560016
109.73609391586923
105.17370893600139
98.09910694173963
92.26538287371224
85.8352071846938
79.5856491620121
74.44926536014047
69.52273143052594
64.65489024857719
62.24396666336797
57.32815105910458
53.72989978273787
51.35449845002283
49.129334730152
46.08316106999174
44.55879886745254
41.103470121638225
39.52331003598595
38.28871130436025
36.42805212747659
35.19617654368771
33.37535486645579
32.24247877556304
31.129876659732723
30.251077823528238
28.587556129728572
28.498537164131033
27.221558702752944
26.21036124921168
26.635423324555447
24.80424504031065
23.30562609814583
24.516651637780136
22.565187385049963
21.280305285979516
21.22346464854375
20.97884361241265
20.418253053779527
20.09207198790471
19.47064486693598
18.37303363054818
17.93244938785841
18.080261713762116
18.613528409363916
17.354149990893426
16.187663532087374
16.44969462426073
15.832031807539773
15.701847285320495
15.429826148935167
14.914001453314805
14.569439336916925
14.322754635340472
14.764603808493401
12.916770742294636
13.507034385227373
12.721910001230885
13.167900909538195
12.570963961935135
13.125102814207686
12.27370309184091
11.236790051082117
12.024249643145032
15.767433580162447
11.170869758557997
8.637881724470127
9.030696654227532
10.81478962815246
11.120231569389771
10.506532230506322
10.198665653483319
10.491455754643482
9.927130210791612
9.898253746143393
9.695924528793395
9.391694709918024
9.252301004454061
9.101864877014602
8.998578097419074
10.49952940461253
8.694288975265547
7.084496687643763
8.050067403791491
8.828051923091452
8.45449484801154
8.1428805402907
