194.13902080543266
158.95214137625186
151.41007040824374
146.54837901633758
141.61848561860606
137.81395388295158
134.16858746143097
130.8611224412457
126.34404621087376
122.86145408748428
120.07502741417063
123.57326287319397
114.13849833209925
110.8628254379479
108.08932693230575
101.86935522939066
99.58273267469276
95.4711540377117
91.20255596817577
87.27354953551892
83.01936746150889
91.68438600433173
77.01473062688655
74.33341665655317
69.7838163763227
66.80853837786145
67.65056112794858
62.14873232371111
62.28614417173876
58.03320168987695
48.61577135082371
45.278752219976724
43.6452158000068
42.4153086479674
41.278721355607935
40.29136986612582
39.45321166815103
38.563578969044194
37.73021759055339
36.99883672024341
36.38858887766501
35.589400520177136
34.88462716882879
34.374270621766435
33.749981107287525
33.14612628228429
32.39508400664339
31.9774286022961
31.42305866200873
30.84720047668516
30.341894745596143
29.99158619081951
29.29844057721372
28.788136924027935
28.391599881118687
27.927025626199157
27.599776837996405
27.130832824301212
26.80995360287753
26.194724117072454
25.277065234673092
24.956993398168333
24.920044052301108
24.808641953901812
24.760605723530457
24.644433517751196
24.581000006175824
24.477007576298668
24.48458451136399
24.372818454321855
24.245226314957876
24.24138585926255
24.125876462667087
24.062948732357654
24.05008423305342
23.982599036144794
23.8553229863224
23.84287929534912
23.78250059076158
23.775826303825156
23.66855107792572
23.621180964161855
23.570942143637623
23.520731102336537
23.45965573404928
23.41960183241381
23.363803854302233
23.257584627177312
23.278889622863534
23.18338125033351
23.088826089117468
23.086445286380023
23.06291318631495
23.068725461424897
23.08559737952581
23.062455322110676
23.018795310413353
23.059823714095803
22.995452207568995
22.991478335234827
