0.0
0.0018379458924755454
0.0013543948298320174
0.0022042940836399794
0.003968418575823307
0.008174903690814972
0.006655832286924124
0.0040787262842059135
0.005712674465030432
0.012645430862903595
0.003058437956497073
0.014542226679623127
0.008157297037541866
0.036708466708660126
0.024814555421471596
0.022485049441456795
0.07799223065376282
0.0956520289182663
0.11218328773975372
0.124004065990448
0.16845208406448364
0.21512572467327118
0.26460152864456177
0.30504387617111206
0.3530876338481903
0.46659374237060547
0.5095919966697693
0.502704918384552
0.6118029356002808
0.6137763857841492
0.7296534776687622
0.741537868976593
0.7688523530960083
0.7733403444290161
0.7891113758087158
0.8054885864257812
0.8421717882156372
0.8350805044174194
0.8358505368232727
0.8494367599487305
0.854847252368927
0.8679260015487671
0.8683468699455261
0.8703285455703735
0.8806325793266296
0.889161229133606
0.8820886611938477
0.8493331670761108
0.8856048583984375
0.8888088464736938
0.8865820169448853
0.8873277902603149
0.8889652490615845
0.8955488204956055
0.899604320526123
0.9068179130554199
0.8983217477798462
0.9026790857315063
0.8929044008255005
0.9064550399780273
0.8892585039138794
0.9091366529464722
0.9076684713363647
0.8935115933418274
0.9011882543563843
0.9024887084960938
0.904658317565918
0.9097833633422852
0.9133267402648926
0.9177144765853882
0.9084726572036743
0.9101245999336243
0.9121618270874023
0.9104296565055847
0.9086586833000183
0.9064186215400696
0.9094525575637817
0.9114974141120911
0.9151874780654907
0.9323043823242188
0.9304704666137695
0.9144794344902039
0.9057413339614868
0.9022709131240845
0.9117005467414856
0.9122903943061829
0.9157248735427856
0.9015283584594727
0.9120084643363953
0.9038759469985962
0.9204463958740234
0.908155620098114
0.9071755409240723
0.9126358032226562
0.9084430932998657
0.9261505007743835
0.9247100949287415
0.9101766347885132
0.9157517552375793
0.9134269952774048
