0.0
0.0008722562342882156
0.004737686365842819
0.0014020651578903198
0.002663229126483202
0.004038659855723381
0.006903090514242649
0.007062525954097509
0.013290194794535637
0.01006580051034689
0.013584827072918415
0.023340949788689613
0.023890625685453415
0.027797525748610497
0.033975791186094284
0.04115622490644455
0.04173947870731354
0.04704386740922928
0.07236587256193161
0.0798303410410881
0.09656313061714172
0.114385224878788
0.07430008053779602
0.15207114815711975
0.17734692990779877
0.21654662489891052
0.24659302830696106
0.27702412009239197
0.25876563787460327
0.3099190890789032
0.30609798431396484
0.43025079369544983
0.4693411886692047
0.501953661441803
0.52590411901474
0.5487350225448608
0.5524032711982727
0.5822869539260864
0.5956005454063416
0.6147768497467041
0.6270744204521179
0.6466555595397949
0.6597028374671936
0.6737357974052429
0.682051420211792
0.6989973187446594
0.7074464559555054
0.714662492275238
0.7245380282402039
0.7335947155952454
0.7461678385734558
0.7561236023902893
0.7642813920974731
0.7715362906455994
0.7779714465141296
0.7829222083091736
0.7897217273712158
0.7927179336547852
0.7991063594818115
0.8026002645492554
0.8077179789543152
0.812553882598877
0.814267635345459
0.8163480758666992
0.8182666897773743
0.818818211555481
0.820687472820282
0.820886492729187
0.8222136497497559
0.8222019076347351
0.8234702944755554
0.8223435282707214
0.8241399526596069
0.8248713612556458
0.8262815475463867
0.8263737559318542
0.8263654708862305
0.8282310366630554
0.8282523155212402
0.8291257619857788
0.8291865587234497
0.8304694890975952
0.8311931490898132
0.8312243223190308
0.8317826390266418
0.8325054049491882
0.8331781625747681
0.8337565660476685
0.8350979685783386
0.8345364332199097
