0.0
0.004588629584759474
0.010108528658747673
0.009576486423611641
0.012761610560119152
0.018426498398184776
0.02201659604907036
0.025732461363077164
0.03054119646549225
0.041344694793224335
0.056025732308626175
0.06891456246376038
0.10230948776006699
0.1881418228149414
0.23343312740325928
0.25214195251464844
0.34486716985702515
0.3630885183811188
0.4823365807533264
0.4676194190979004
0.5055751800537109
0.6285939812660217
0.6416323184967041
0.5871337652206421
0.6590871214866638
0.7190025448799133
0.6095245480537415
0.6233716011047363
0.6675058603286743
0.75784832239151
0.504386305809021
0.7333114743232727
0.6962988972663879
0.5119419693946838
0.7093120813369751
0.6981182098388672
0.7587099075317383
0.7054951190948486
0.7432804107666016
0.6891849637031555
0.5497876405715942
0.7540489435195923
0.5981667637825012
0.739517092704773
0.7469552755355835
0.6433128714561462
0.718678891658783
0.610437273979187
0.7437779307365417
0.6641665697097778
0.6750034093856812
0.554811954498291
0.76032555103302
0.653670608997345
0.7930023670196533
0.7913213968276978
0.7215568423271179
0.5817273259162903
0.6728938221931458
0.7505091428756714
0.6523347496986389
0.7037594318389893
0.6421175599098206
0.7445390224456787
0.8591924905776978
0.6105327606201172
0.8043201565742493
0.696038007736206
0.7640932202339172
0.6360784769058228
0.7210912108421326
0.8150042295455933
0.8141223192214966
0.6310547590255737
0.7490224242210388
0.5652614831924438
0.6816381216049194
0.7764354944229126
0.7055636644363403
0.7928202748298645
0.6385080218315125
0.8183499574661255
0.6088078022003174
0.7844592332839966
0.5715959668159485
0.8492387533187866
0.7434927821159363
0.8066366910934448
0.6528404951095581
0.7583075761795044
0.6518570184707642
0.7641123533248901
0.7313759326934814
0.7095151543617249
0.6587003469467163
0.38045424222946167
0.7542792558670044
0.8443304300308228
0.7446469068527222
0.6487545967102051
