0.0
0.001706883660517633
0.008125828579068184
0.0038849529810249805
0.0040684351697564125
0.00421439204365015
0.009184984490275383
0.008415071293711662
0.007635204587131739
0.013530520722270012
0.016984721645712852
0.010284884832799435
0.02181962877511978
0.02433137409389019
0.027669262140989304
0.036108095198869705
0.037572674453258514
0.04151457920670509
0.05171774700284004
0.06564401090145111
0.046088412404060364
0.08807055652141571
0.08267081528902054
0.11462094634771347
0.10303852707147598
0.1518584042787552
0.15200500190258026
0.17523863911628723
0.17164377868175507
0.2176036834716797
0.22856006026268005
0.30379799008369446
0.3196098208427429
0.3357916474342346
0.3541073799133301
0.3615315556526184
0.3866584897041321
0.4033638536930084
0.4108094573020935
0.4225168824195862
0.4353460371494293
0.4422776699066162
0.4740307927131653
0.4889546036720276
0.5000134110450745
0.5108001232147217
0.5295768976211548
0.5314270257949829
0.5499983429908752
0.5561388731002808
0.571198046207428
0.571421205997467
0.5882284045219421
0.5988888740539551
0.6194425821304321
0.618846595287323
0.6355035305023193
0.6462534666061401
0.654332160949707
0.6608283519744873
0.6685506105422974
0.6736696362495422
0.6793180704116821
0.6808931231498718
0.6826959252357483
0.692299485206604
0.6907588243484497
0.6953473687171936
0.6921238303184509
0.6954017281532288
0.6892711520195007
0.7002602219581604
0.6981942653656006
0.698041558265686
0.7038159370422363
0.6980546116828918
0.7054761648178101
0.7053921222686768
0.7060432434082031
0.706564724445343
0.7134663462638855
0.7102873921394348
0.7134042978286743
0.7121059894561768
0.7134436368942261
0.7137230634689331
0.7130457758903503
0.7128021717071533
0.7183739542961121
0.7178314328193665
0.7224959135055542
0.7160439491271973
0.7158606648445129
0.7227576375007629
0.718326210975647
0.7173569202423096
0.7114235162734985
0.7172900438308716
0.7243932485580444
0.7190734148025513
