0.0
0.0010895892046391964
0.00575528759509325
0.0027424651198089123
0.009545243345201015
0.007525489665567875
0.01146191731095314
0.015986530110239983
0.006717426236718893
0.014996906742453575
0.014681977219879627
0.023995887488126755
0.031035300344228745
0.03679059445858002
0.031009536236524582
0.03572023659944534
0.025334512814879417
0.06497294455766678
0.06802363693714142
0.0743110179901123
0.09507233649492264
0.07259447127580643
0.09228772670030594
0.15050116181373596
0.16070714592933655
0.19542840123176575
0.2159908562898636
0.2535877823829651
0.23796062171459198
0.22339391708374023
0.33365264534950256
0.4203406274318695
0.44774770736694336
0.47180595993995667
0.4940944314002991
0.5158971548080444
0.5502800345420837
0.5722264647483826
0.5735280513763428
0.6091305017471313
0.616801381111145
0.6346474885940552
0.6622644662857056
0.6755608320236206
0.6859036087989807
0.7049788236618042
0.7215026617050171
0.7320306301116943
0.7526555061340332
0.7537072896957397
0.7695785760879517
0.7815493941307068
0.7900120615959167
0.7990487813949585
0.8008535504341125
0.8123143315315247
0.8166546821594238
0.8313899040222168
0.8391262888908386
0.8413518667221069
0.8462260365486145
0.8571850061416626
0.8594398498535156
0.8613361120223999
0.8636807203292847
0.868305504322052
0.870182991027832
0.8710893392562866
0.8699027895927429
0.8738727569580078
0.8701826930046082
0.8732627630233765
0.8740110397338867
0.8763275146484375
0.8768560290336609
0.8767762184143066
0.8791700601577759
0.8793114423751831
0.8776909112930298
0.8801354169845581
0.8830761909484863
0.881071925163269
0.8836953043937683
0.8839106559753418
0.8831270337104797
0.8823399543762207
0.8839956521987915
0.884075939655304
0.8845955729484558
0.8852816820144653
0.8875624537467957
0.8865548372268677
0.8851385116577148
0.8890714645385742
0.8861256837844849
0.8853341937065125
0.8830118179321289
